     1  -0.272765887E+00   0.700000000E+00   0.549954638E+01   0.000000000E+00   0.000000000E+00   0.101413394E+01  -0.176078033E+00   0.989253138E-03   0.272765887E+00   0.579414321E+01  -0.434082260E+02
     2  -0.272743345E+00   0.700123973E+00   0.550009232E+01   0.000000000E+00   0.000000000E+00   0.101412601E+01  -0.176031960E+00   0.296775941E-02   0.272765887E+00   0.579355761E+01  -0.441785858E+02
     3  -0.272675717E+00   0.700495970E+00   0.550177655E+01   0.000000000E+00   0.000000000E+00   0.101411015E+01  -0.175856652E+00   0.494626569E-02   0.272765887E+00   0.579075333E+01  -0.447981982E+02
     4  -0.272563004E+00   0.701116219E+00   0.550459907E+01   0.000000000E+00   0.000000000E+00   0.101408641E+01  -0.175552108E+00   0.692477196E-02   0.272765887E+00   0.578573035E+01  -0.452670635E+02
     5  -0.272405205E+00   0.701985104E+00   0.550855988E+01   0.000000000E+00   0.000000000E+00   0.101405482E+01  -0.175122179E+00   0.890327824E-02   0.272765887E+00   0.577856269E+01  -0.455851815E+02
     6  -0.272202322E+00   0.703103161E+00   0.551365899E+01   0.000000000E+00   0.000000000E+00   0.101401547E+01  -0.174569064E+00   0.108817845E-01   0.272765887E+00   0.576928859E+01  -0.457525523E+02
     7  -0.271954353E+00   0.704471080E+00   0.551989638E+01   0.000000000E+00   0.000000000E+00   0.101396843E+01  -0.173894753E+00   0.128602908E-01   0.272765887E+00   0.575793503E+01  -0.457691758E+02
     8  -0.271661298E+00   0.706089707E+00   0.552727517E+01   0.000000000E+00   0.000000000E+00   0.101391380E+01  -0.173101369E+00   0.148387971E-01   0.272765887E+00   0.574452640E+01  -0.457030767E+02
     9  -0.271323159E+00   0.707960042E+00   0.553579903E+01   0.000000000E+00   0.000000000E+00   0.101385170E+01  -0.172191269E+00   0.168173033E-01   0.272765887E+00   0.572908753E+01  -0.455825090E+02
    10  -0.270939934E+00   0.710083241E+00   0.554547220E+01   0.000000000E+00   0.000000000E+00   0.101378224E+01  -0.171167069E+00   0.187958096E-01   0.272765887E+00   0.571164481E+01  -0.454210846E+02
    11  -0.270511624E+00   0.712460618E+00   0.555629953E+01   0.000000000E+00   0.000000000E+00   0.101370558E+01  -0.170031653E+00   0.207743159E-01   0.272765887E+00   0.569222674E+01  -0.452261637E+02
    12  -0.270038229E+00   0.715093645E+00   0.556828643E+01   0.000000000E+00   0.000000000E+00   0.101362187E+01  -0.168788167E+00   0.227528222E-01   0.272765887E+00   0.567086413E+01  -0.450021385E+02
    13  -0.269519748E+00   0.717983954E+00   0.558143892E+01   0.000000000E+00   0.000000000E+00   0.101353128E+01  -0.167440004E+00   0.247313284E-01   0.272765887E+00   0.564759020E+01  -0.447518762E+02
    14  -0.268956182E+00   0.721133335E+00   0.559576359E+01   0.000000000E+00   0.000000000E+00   0.101343400E+01  -0.165990791E+00   0.267098347E-01   0.272765887E+00   0.562244052E+01  -0.444774128E+02
    15  -0.268347531E+00   0.724543744E+00   0.561126768E+01   0.000000000E+00   0.000000000E+00   0.101333020E+01  -0.164444372E+00   0.286883410E-01   0.272765887E+00   0.559545302E+01  -0.441803109E+02
    16  -0.267693795E+00   0.728217299E+00   0.562795901E+01   0.000000000E+00   0.000000000E+00   0.101322010E+01  -0.162804787E+00   0.306668473E-01   0.272765887E+00   0.556666784E+01  -0.438618536E+02
    17  -0.266994973E+00   0.732156283E+00   0.564584604E+01   0.000000000E+00   0.000000000E+00   0.101310390E+01  -0.161076252E+00   0.326453535E-01   0.272765887E+00   0.553612731E+01  -0.435231566E+02
    18  -0.266251066E+00   0.736363148E+00   0.566493786E+01   0.000000000E+00   0.000000000E+00   0.101298184E+01  -0.159263140E+00   0.346238598E-01   0.272765887E+00   0.550387574E+01  -0.431652331E+02
    19  -0.265462074E+00   0.740840516E+00   0.568524420E+01   0.000000000E+00   0.000000000E+00   0.101285413E+01  -0.157369955E+00   0.366023661E-01   0.272765887E+00   0.546995936E+01  -0.427890331E+02
    20  -0.264627996E+00   0.745591180E+00   0.570677544E+01   0.000000000E+00   0.000000000E+00   0.101272101E+01  -0.155401315E+00   0.385808724E-01   0.272765887E+00   0.543442615E+01  -0.423954684E+02
    21  -0.263748833E+00   0.750618108E+00   0.572954264E+01   0.000000000E+00   0.000000000E+00   0.101258272E+01  -0.153361929E+00   0.405593787E-01   0.272765887E+00   0.539732573E+01  -0.419854275E+02
    22  -0.262824585E+00   0.755924444E+00   0.575355754E+01   0.000000000E+00   0.000000000E+00   0.101243951E+01  -0.151256572E+00   0.425378849E-01   0.272765887E+00   0.535870918E+01  -0.415597841E+02
    23  -0.261855252E+00   0.761513514E+00   0.577883255E+01   0.000000000E+00   0.000000000E+00   0.101229163E+01  -0.149090070E+00   0.445163912E-01   0.272765887E+00   0.531862890E+01  -0.411194028E+02
    24  -0.260840833E+00   0.767388822E+00   0.580538082E+01   0.000000000E+00   0.000000000E+00   0.101213934E+01  -0.146867272E+00   0.464948975E-01   0.272765887E+00   0.527713849E+01  -0.406651429E+02
    25  -0.259781330E+00   0.773554063E+00   0.583321620E+01   0.000000000E+00   0.000000000E+00   0.101198288E+01  -0.144593035E+00   0.484734038E-01   0.272765887E+00   0.523429255E+01  -0.401978585E+02
    26  -0.258676740E+00   0.780013118E+00   0.586235328E+01   0.000000000E+00   0.000000000E+00   0.101182252E+01  -0.142272201E+00   0.504519100E-01   0.272765887E+00   0.519014658E+01  -0.397183995E+02
    27  -0.257527066E+00   0.786770059E+00   0.589280742E+01   0.000000000E+00   0.000000000E+00   0.101165851E+01  -0.139909582E+00   0.524304163E-01   0.272765887E+00   0.514475681E+01  -0.392276109E+02
    28  -0.256332306E+00   0.793829158E+00   0.592459474E+01   0.000000000E+00   0.000000000E+00   0.101149112E+01  -0.137509940E+00   0.544089226E-01   0.272765887E+00   0.509818003E+01  -0.387263320E+02
    29  -0.255092461E+00   0.801194882E+00   0.595773217E+01   0.000000000E+00   0.000000000E+00   0.101132060E+01  -0.135077969E+00   0.563874289E-01   0.272765887E+00   0.505047350E+01  -0.382153951E+02
    30  -0.253807531E+00   0.808871905E+00   0.599223744E+01   0.000000000E+00   0.000000000E+00   0.101114721E+01  -0.132618282E+00   0.583659351E-01   0.272765887E+00   0.500169475E+01  -0.376956240E+02
    31  -0.252477516E+00   0.816865107E+00   0.602812913E+01   0.000000000E+00   0.000000000E+00   0.101097119E+01  -0.130135397E+00   0.603444414E-01   0.272765887E+00   0.495190149E+01  -0.371678321E+02
    32  -0.251102415E+00   0.825179582E+00   0.606542666E+01   0.000000000E+00   0.000000000E+00   0.101079281E+01  -0.127633721E+00   0.623229477E-01   0.272765887E+00   0.490115145E+01  -0.366328216E+02
    33  -0.249682229E+00   0.833820641E+00   0.610415037E+01   0.000000000E+00   0.000000000E+00   0.101061230E+01  -0.125117541E+00   0.643014540E-01   0.272765887E+00   0.484950225E+01  -0.360913816E+02
    34  -0.248216958E+00   0.842793814E+00   0.614432145E+01   0.000000000E+00   0.000000000E+00   0.101042990E+01  -0.122591011E+00   0.662799602E-01   0.272765887E+00   0.479701131E+01  -0.355442864E+02
    35  -0.246706601E+00   0.852104863E+00   0.618596209E+01   0.000000000E+00   0.000000000E+00   0.101024587E+01  -0.120058144E+00   0.682584665E-01   0.272765887E+00   0.474373568E+01  -0.349922939E+02
    36  -0.245151159E+00   0.861759777E+00   0.622909540E+01   0.000000000E+00   0.000000000E+00   0.101006042E+01  -0.117522803E+00   0.702369728E-01   0.272765887E+00   0.468973199E+01  -0.344361447E+02
    37  -0.243550632E+00   0.871764787E+00   0.627374550E+01   0.000000000E+00   0.000000000E+00   0.100987378E+01  -0.114988695E+00   0.722154791E-01   0.272765887E+00   0.463505628E+01  -0.338765607E+02
    38  -0.241905020E+00   0.882126367E+00   0.631993754E+01   0.000000000E+00   0.000000000E+00   0.100968618E+01  -0.112459365E+00   0.741939853E-01   0.272765887E+00   0.457976395E+01  -0.333142440E+02
    39  -0.240214322E+00   0.892851242E+00   0.636769770E+01   0.000000000E+00   0.000000000E+00   0.100949783E+01  -0.109938188E+00   0.761724916E-01   0.272765887E+00   0.452390963E+01  -0.327498751E+02
    40  -0.238478539E+00   0.903946390E+00   0.641705328E+01   0.000000000E+00   0.000000000E+00   0.100930894E+01  -0.107428373E+00   0.781509979E-01   0.272765887E+00   0.446754714E+01  -0.321841133E+02
    41  -0.236697671E+00   0.915419058E+00   0.646803270E+01   0.000000000E+00   0.000000000E+00   0.100911970E+01  -0.104932953E+00   0.801295042E-01   0.272765887E+00   0.441072933E+01  -0.316175950E+02
    42  -0.234871717E+00   0.927276760E+00   0.652066553E+01   0.000000000E+00   0.000000000E+00   0.100893031E+01  -0.102454786E+00   0.821080104E-01   0.272765887E+00   0.435350811E+01  -0.310509329E+02
    43  -0.233000679E+00   0.939527289E+00   0.657498258E+01   0.000000000E+00   0.000000000E+00   0.100874096E+01  -0.999965565E-01   0.840865167E-01   0.272765887E+00   0.429593428E+01  -0.304847162E+02
    44  -0.231084555E+00   0.952178723E+00   0.663101588E+01   0.000000000E+00   0.000000000E+00   0.100855182E+01  -0.975607741E-01   0.860650230E-01   0.272765887E+00   0.423805753E+01  -0.299195095E+02
    45  -0.229123345E+00   0.965239437E+00   0.668879875E+01   0.000000000E+00   0.000000000E+00   0.100836307E+01  -0.951497745E-01   0.880435293E-01   0.272765887E+00   0.417992637E+01  -0.293558530E+02
    46  -0.227117051E+00   0.978718104E+00   0.674836587E+01   0.000000000E+00   0.000000000E+00   0.100817486E+01  -0.927657220E-01   0.900220355E-01   0.272765887E+00   0.412158807E+01  -0.287942615E+02
    47  -0.225065671E+00   0.992623713E+00   0.680975330E+01   0.000000000E+00   0.000000000E+00   0.100798736E+01  -0.904106120E-01   0.920005418E-01   0.272765887E+00   0.406308863E+01  -0.282352251E+02
    48  -0.222969206E+00   0.100696557E+01   0.687299851E+01   0.000000000E+00   0.000000000E+00   0.100780070E+01  -0.880862743E-01   0.939790481E-01   0.272765887E+00   0.400447273E+01  -0.276792088E+02
    49  -0.220827656E+00   0.102175331E+01   0.693814052E+01   0.000000000E+00   0.000000000E+00   0.100761504E+01  -0.857943767E-01   0.959575544E-01   0.272765887E+00   0.394578372E+01  -0.271266526E+02
    50  -0.218641020E+00   0.103699693E+01   0.700521984E+01   0.000000000E+00   0.000000000E+00   0.100743049E+01  -0.835364296E-01   0.979360606E-01   0.272765887E+00   0.388706354E+01  -0.265779716E+02
    51  -0.216409299E+00   0.105270673E+01   0.707427864E+01   0.000000000E+00   0.000000000E+00   0.100724719E+01  -0.813137903E-01   0.999145669E-01   0.272765887E+00   0.382835276E+01  -0.260335564E+02
    52  -0.214132493E+00   0.106889343E+01   0.714536073E+01   0.000000000E+00   0.000000000E+00   0.100706524E+01  -0.791276687E-01   0.101893073E+00   0.272765887E+00   0.376969054E+01  -0.254937731E+02
    53  -0.211810602E+00   0.108556809E+01   0.721851168E+01   0.000000000E+00   0.000000000E+00   0.100688477E+01  -0.769791319E-01   0.103871579E+00   0.272765887E+00   0.371111461E+01  -0.249589641E+02
    54  -0.209443625E+00   0.110274216E+01   0.729377884E+01   0.000000000E+00   0.000000000E+00   0.100670587E+01  -0.748691104E-01   0.105850086E+00   0.272765887E+00   0.365266125E+01  -0.244294484E+02
    55  -0.207031563E+00   0.112042749E+01   0.737121147E+01   0.000000000E+00   0.000000000E+00   0.100652864E+01  -0.727984038E-01   0.107828592E+00   0.272765887E+00   0.359436533E+01  -0.239055216E+02
    56  -0.204574416E+00   0.113863636E+01   0.745086078E+01   0.000000000E+00   0.000000000E+00   0.100635315E+01  -0.707676865E-01   0.109807098E+00   0.272765887E+00   0.353626027E+01  -0.233874573E+02
    57  -0.202072183E+00   0.115738146E+01   0.753278002E+01   0.000000000E+00   0.000000000E+00   0.100617951E+01  -0.687775144E-01   0.111785605E+00   0.272765887E+00   0.347837805E+01  -0.228755069E+02
    58  -0.199524865E+00   0.117667592E+01   0.761702457E+01   0.000000000E+00   0.000000000E+00   0.100600777E+01  -0.668283303E-01   0.113764111E+00   0.272765887E+00   0.342074924E+01  -0.223699006E+02
    59  -0.196932462E+00   0.119653333E+01   0.770365201E+01   0.000000000E+00   0.000000000E+00   0.100583800E+01  -0.649204704E-01   0.115742617E+00   0.272765887E+00   0.336340300E+01  -0.218708480E+02
    60  -0.194294974E+00   0.121696777E+01   0.779272226E+01   0.000000000E+00   0.000000000E+00   0.100567028E+01  -0.630541706E-01   0.117721123E+00   0.272765887E+00   0.330636708E+01  -0.213785388E+02
    61  -0.191612400E+00   0.123799378E+01   0.788429762E+01   0.000000000E+00   0.000000000E+00   0.100550464E+01  -0.612295722E-01   0.119699630E+00   0.272765887E+00   0.324966785E+01  -0.208931435E+02
    62  -0.188884741E+00   0.125962644E+01   0.797844293E+01   0.000000000E+00   0.000000000E+00   0.100534115E+01  -0.594467284E-01   0.121678136E+00   0.272765887E+00   0.319333032E+01  -0.204148137E+02
    63  -0.186111997E+00   0.128188132E+01   0.807522564E+01   0.000000000E+00   0.000000000E+00   0.100517985E+01  -0.577056096E-01   0.123656642E+00   0.272765887E+00   0.313737815E+01  -0.199436834E+02
    64  -0.183294168E+00   0.130477458E+01   0.817471598E+01   0.000000000E+00   0.000000000E+00   0.100502077E+01  -0.560061098E-01   0.125635149E+00   0.272765887E+00   0.308183369E+01  -0.194798696E+02
    65  -0.180431253E+00   0.132832290E+01   0.827698701E+01   0.000000000E+00   0.000000000E+00   0.100486395E+01  -0.543480516E-01   0.127613655E+00   0.272765887E+00   0.302671799E+01  -0.190234728E+02
    66  -0.177523253E+00   0.135254359E+01   0.838211482E+01   0.000000000E+00   0.000000000E+00   0.100470942E+01  -0.527311924E-01   0.129592161E+00   0.272765887E+00   0.297205085E+01  -0.185745778E+02
    67  -0.174570168E+00   0.137745455E+01   0.849017862E+01   0.000000000E+00   0.000000000E+00   0.100455720E+01  -0.511552291E-01   0.131570667E+00   0.272765887E+00   0.291785081E+01  -0.181332545E+02
    68  -0.171571997E+00   0.140307430E+01   0.860126093E+01   0.000000000E+00   0.000000000E+00   0.100440732E+01  -0.496198035E-01   0.133549174E+00   0.272765887E+00   0.286413522E+01  -0.176995587E+02
    69  -0.168528742E+00   0.142942204E+01   0.871544770E+01   0.000000000E+00   0.000000000E+00   0.100425978E+01  -0.481245070E-01   0.135527680E+00   0.272765887E+00   0.281092023E+01  -0.172735328E+02
    70  -0.165440401E+00   0.145651766E+01   0.883282848E+01   0.000000000E+00   0.000000000E+00   0.100411459E+01  -0.466688857E-01   0.137506186E+00   0.272765887E+00   0.275822088E+01  -0.168552062E+02
    71  -0.162306974E+00   0.148438174E+01   0.895349661E+01   0.000000000E+00   0.000000000E+00   0.100397178E+01  -0.452524444E-01   0.139484692E+00   0.272765887E+00   0.270605106E+01  -0.164445965E+02
    72  -0.159128463E+00   0.151303563E+01   0.907754938E+01   0.000000000E+00   0.000000000E+00   0.100383133E+01  -0.438746514E-01   0.141463199E+00   0.272765887E+00   0.265442361E+01  -0.160417097E+02
    73  -0.155904866E+00   0.154250141E+01   0.920508824E+01   0.000000000E+00   0.000000000E+00   0.100369326E+01  -0.425349422E-01   0.143441705E+00   0.272765887E+00   0.260335030E+01  -0.156465413E+02
    74  -0.152636184E+00   0.157280200E+01   0.933621902E+01   0.000000000E+00   0.000000000E+00   0.100355755E+01  -0.412327235E-01   0.145420211E+00   0.272765887E+00   0.255284190E+01  -0.152590767E+02
    75  -0.149322416E+00   0.160396114E+01   0.947105211E+01   0.000000000E+00   0.000000000E+00   0.100342421E+01  -0.399673769E-01   0.147398718E+00   0.272765887E+00   0.250290819E+01  -0.148792918E+02
    76  -0.145963564E+00   0.163600346E+01   0.960970271E+01   0.000000000E+00   0.000000000E+00   0.100329322E+01  -0.387382622E-01   0.149377224E+00   0.272765887E+00   0.245355804E+01  -0.145071538E+02
    77  -0.142559626E+00   0.166895446E+01   0.975229109E+01   0.000000000E+00   0.000000000E+00   0.100316457E+01  -0.375447209E-01   0.151355730E+00   0.272765887E+00   0.240479935E+01  -0.141426216E+02
    78  -0.139110603E+00   0.170284064E+01   0.989894284E+01   0.000000000E+00   0.000000000E+00   0.100303826E+01  -0.363860789E-01   0.153334236E+00   0.272765887E+00   0.235663920E+01  -0.137856466E+02
    79  -0.135616494E+00   0.173768944E+01   0.100497891E+02   0.000000000E+00   0.000000000E+00   0.100291425E+01  -0.352616497E-01   0.155312743E+00   0.272765887E+00   0.230908379E+01  -0.134361732E+02
    80  -0.132077300E+00   0.177352937E+01   0.102049670E+02   0.000000000E+00   0.000000000E+00   0.100279255E+01  -0.341707366E-01   0.157291249E+00   0.272765887E+00   0.226213853E+01  -0.130941390E+02
    81  -0.128493021E+00   0.181039001E+01   0.103646197E+02   0.000000000E+00   0.000000000E+00   0.100267312E+01  -0.331126356E-01   0.159269755E+00   0.272765887E+00   0.221580805E+01  -0.127594758E+02
    82  -0.124863657E+00   0.184830204E+01   0.105288971E+02   0.000000000E+00   0.000000000E+00   0.100255594E+01  -0.320866376E-01   0.161248261E+00   0.272765887E+00   0.217009623E+01  -0.124321100E+02
    83  -0.121189208E+00   0.188729735E+01   0.106979559E+02   0.000000000E+00   0.000000000E+00   0.100244099E+01  -0.310920300E-01   0.163226768E+00   0.272765887E+00   0.212500623E+01  -0.121119626E+02
    84  -0.117469673E+00   0.192740906E+01   0.108719599E+02   0.000000000E+00   0.000000000E+00   0.100232825E+01  -0.301280995E-01   0.165205274E+00   0.272765887E+00   0.208054056E+01  -0.117989504E+02
    85  -0.113705053E+00   0.196867156E+01   0.110510808E+02   0.000000000E+00   0.000000000E+00   0.100221769E+01  -0.291941332E-01   0.167183780E+00   0.272765887E+00   0.203670106E+01  -0.114929857E+02
    86  -0.109895347E+00   0.201112061E+01   0.112354983E+02   0.000000000E+00   0.000000000E+00   0.100210927E+01  -0.282894205E-01   0.169162287E+00   0.272765887E+00   0.199348895E+01  -0.111939774E+02
    87  -0.106040557E+00   0.205479336E+01   0.114254006E+02   0.000000000E+00   0.000000000E+00   0.100200298E+01  -0.274132545E-01   0.171140793E+00   0.272765887E+00   0.195090486E+01  -0.109018308E+02
    88  -0.102140681E+00   0.209972846E+01   0.116209850E+02   0.000000000E+00   0.000000000E+00   0.100189879E+01  -0.265649336E-01   0.173119299E+00   0.272765887E+00   0.190894889E+01  -0.106164484E+02
    89  -0.981957195E-01   0.214596610E+01   0.118224583E+02   0.000000000E+00   0.000000000E+00   0.100179665E+01  -0.257437625E-01   0.175097805E+00   0.272765887E+00   0.186762056E+01  -0.103377299E+02
    90  -0.942056730E-01   0.219354811E+01   0.120300375E+02   0.000000000E+00   0.000000000E+00   0.100169654E+01  -0.249490531E-01   0.177076312E+00   0.272765887E+00   0.182691892E+01  -0.100655727E+02
    91  -0.901705413E-01   0.224251802E+01   0.122439502E+02   0.000000000E+00   0.000000000E+00   0.100159842E+01  -0.241801262E-01   0.179054818E+00   0.272765887E+00   0.178684254E+01  -0.979987252E+01
    92  -0.860903243E-01   0.229292115E+01   0.124644353E+02   0.000000000E+00   0.000000000E+00   0.100150227E+01  -0.234363114E-01   0.181033324E+00   0.272765887E+00   0.174738954E+01  -0.954052304E+01
    93  -0.819650220E-01   0.234480471E+01   0.126917439E+02   0.000000000E+00   0.000000000E+00   0.100140804E+01  -0.227169490E-01   0.183011830E+00   0.272765887E+00   0.170855760E+01  -0.928741674E+01
    94  -0.777946345E-01   0.239821787E+01   0.129261397E+02   0.000000000E+00   0.000000000E+00   0.100131571E+01  -0.220213897E-01   0.184990337E+00   0.272765887E+00   0.167034401E+01  -0.904044489E+01
    95  -0.735791617E-01   0.245321191E+01   0.131679000E+02   0.000000000E+00   0.000000000E+00   0.100122523E+01  -0.213489958E-01   0.186968843E+00   0.272765887E+00   0.163274569E+01  -0.879949789E+01
    96  -0.693186036E-01   0.250984028E+01   0.134173163E+02   0.000000000E+00   0.000000000E+00   0.100113657E+01  -0.206991415E-01   0.188947349E+00   0.272765887E+00   0.159575919E+01  -0.856446548E+01
    97  -0.650129603E-01   0.256815873E+01   0.136746956E+02   0.000000000E+00   0.000000000E+00   0.100104970E+01  -0.200712135E-01   0.190925856E+00   0.272765887E+00   0.155938075E+01  -0.833523695E+01
    98  -0.606622317E-01   0.262822544E+01   0.139403610E+02   0.000000000E+00   0.000000000E+00   0.100096458E+01  -0.194646112E-01   0.192904362E+00   0.272765887E+00   0.152360628E+01  -0.811170132E+01
    99  -0.562664178E-01   0.269010116E+01   0.142146528E+02   0.000000000E+00   0.000000000E+00   0.100088116E+01  -0.188787471E-01   0.194882868E+00   0.272765887E+00   0.148843141E+01  -0.789374760E+01
   100  -0.518255186E-01   0.275384932E+01   0.144979299E+02   0.000000000E+00   0.000000000E+00   0.100079943E+01  -0.183130472E-01   0.196861374E+00   0.272765887E+00   0.145385150E+01  -0.768126487E+01
   101  -0.473395342E-01   0.281953618E+01   0.147905707E+02   0.000000000E+00   0.000000000E+00   0.100071932E+01  -0.177669510E-01   0.198839881E+00   0.272765887E+00   0.141986165E+01  -0.747414251E+01
   102  -0.428084645E-01   0.288723105E+01   0.150929743E+02   0.000000000E+00   0.000000000E+00   0.100064082E+01  -0.172399119E-01   0.200818387E+00   0.272765887E+00   0.138645675E+01  -0.727227032E+01
   103  -0.382323095E-01   0.295700635E+01   0.154055624E+02   0.000000000E+00   0.000000000E+00   0.100056388E+01  -0.167313968E-01   0.202796893E+00   0.272765887E+00   0.135363145E+01  -0.707553867E+01
   104  -0.336110693E-01   0.302893789E+01   0.157287802E+02   0.000000000E+00   0.000000000E+00   0.100048846E+01  -0.162408870E-01   0.204775400E+00   0.272765887E+00   0.132138023E+01  -0.688383861E+01
   105  -0.289447438E-01   0.310310502E+01   0.160630987E+02   0.000000000E+00   0.000000000E+00   0.100041452E+01  -0.157678776E-01   0.206753906E+00   0.272765887E+00   0.128969735E+01  -0.669706201E+01
   106  -0.242333330E-01   0.317959082E+01   0.164090158E+02   0.000000000E+00   0.000000000E+00   0.100034204E+01  -0.153118778E-01   0.208732412E+00   0.272765887E+00   0.125857694E+01  -0.651510165E+01
   107  -0.194768369E-01   0.325848237E+01   0.167670586E+02   0.000000000E+00   0.000000000E+00   0.100027096E+01  -0.148724105E-01   0.210710918E+00   0.272765887E+00   0.122801297E+01  -0.633785130E+01
   108  -0.146752556E-01   0.333987092E+01   0.171377854E+02   0.000000000E+00   0.000000000E+00   0.100020126E+01  -0.144490131E-01   0.212689425E+00   0.272765887E+00   0.119799927E+01  -0.616520586E+01
   109  -0.982858900E-02   0.342385223E+01   0.175217880E+02   0.000000000E+00   0.000000000E+00   0.100013289E+01  -0.140412366E-01   0.214667931E+00   0.272765887E+00   0.116852954E+01  -0.599706140E+01
   110  -0.493683714E-02   0.351052676E+01   0.179190664E+02   0.000000000E+00   0.000000000E+00   0.100006582E+01  -0.136486458E-01   0.216646437E+00   0.272765887E+00   0.113959738E+01  -0.583341790E+01
   111   0.000000000E+00   0.360000000E+01   0.183296206E+02   0.000000000E+00   0.000000000E+00   0.100000004E+01  -0.132631930E-01   0.218624943E+00   0.272765887E+00   0.111134318E+01  -0.567427537E+01
